+------------+------------+------------+------------+------------+------------+--------------+-------------+
|     a      |     b      |     c      |    f(c)    |    f(a)    |    f(b)    | f(a) * f (c) | f(b) * f(c) |
+------------+------------+------------+------------+------------+------------+--------------+-------------+
|     -1     |    0.75    |   -0.125   |   1.4062   |     6      |   -0.125   |    -0.75     |   -0.1758   |
|   -0.125   |    0.75    |   0.3125   |   0.2578   |   1.4062   |   -0.125   |   -0.1758    |   -0.0322   |
|   0.3125   |    0.75    |   0.5312   |  -0.0293   |   0.2578   |   -0.125   |   -0.0322    |    0.0037   |
|   0.3125   |   0.5312   |   0.4219   |   0.0903   |   0.2578   |  -0.0293   |   -0.0076    |   -0.0026   |
|   0.4219   |   0.5312   |   0.4766   |   0.0245   |   0.0903   |  -0.0293   |   -0.0026    |   -0.0007   |
|   0.4766   |   0.5312   |   0.5039   |  -0.0039   |   0.0245   |  -0.0293   |   -0.0007    |    0.0001   |
|   0.4766   |   0.5039   |   0.4902   |    0.01    |   0.0245   |  -0.0039   |   -0.0001    |     -0.0    |
|   0.4902   |   0.5039   |   0.4971   |   0.0029   |    0.01    |  -0.0039   |     -0.0     |     -0.0    |
|   0.4971   |   0.5039   |   0.5005   |  -0.0005   |   0.0029   |  -0.0039   |     -0.0     |     0.0     |
|   0.4971   |   0.5005   |   0.4988   |   0.0012   |   0.0029   |  -0.0005   |     -0.0     |     -0.0    |
|   0.4988   |   0.5005   |   0.4996   |   0.0004   |   0.0012   |  -0.0005   |     -0.0     |     -0.0    |
|   0.4996   |   0.5005   |   0.5001   |  -0.0001   |   0.0004   |  -0.0005   |     -0.0     |     0.0     |
|   0.4996   |   0.5001   |   0.4998   |   0.0002   |   0.0004   |  -0.0001   |     -0.0     |     -0.0    |
|   0.4998   |   0.5001   |    0.5     |    0.0     |   0.0002   |  -0.0001   |     -0.0     |     -0.0    |
|    0.5     |   0.5001   |    0.5     |    -0.0    |    0.0     |  -0.0001   |     -0.0     |     0.0     |
+------------+------------+------------+------------+------------+------------+--------------+-------------+